Topology: 2 8 1 Network-Type : Feed Forward Net

Simulation settings: 
Population size: 10
Amount of Objects: 40
Evolvetime(sec): 30
Field size: 50
Mutation rate: 0.3
Annealing rate: 300
Amount of elite copies: 3
Crossover rate: 0.7
Evolutionary Algorithm: Simulated Annealing

Generations simulated: 5
Best fitness over the whole process: 5
Best fitnesses for each generations:  4 4 5 4 2
Average fitnesses for each generations:  0.8 1.2 1.4 1.4 0.7

Each agents fitness and net-weights after the process: 
Agent[0] fitness: 0
Agent[1] fitness: 0
Agent[2] fitness: 0
Agent[3] fitness: 0
Agent[4] fitness: 0
Agent[5] fitness: 1
Agent[6] fitness: 0
Agent[7] fitness: 0
Agent[8] fitness: 1
Agent[9] fitness: 0


Agent[0] angle_net weights: 
0.662202 0.262698 0.128222 0.74919 0.514922 0.925995 0.161031 0.482759 0.194629 0.585445 0.0654287 0.703136 0.998583 0.602939 0.714934 0.050964 0.673956 0.18547 0.244306 0.146754 0.247686 0.90543 0.558339 0.536796 0.0870044 0.521133 0.903687 0.085962 0.0335352 0.192284 0.508271 0.695737 0.454982 
velocity_net weights: 
0.921706 0.423352 0.1498 0.974101 0.705913 0.0869883 0.252224 0.797773 0.411841 0.967837 0.268634 0.424414 0.58267 0.508507 0.413139 0.537511 0.011798 0.0523806 0.0710169 0.470536 0.193342 0.472798 0.0622162 0.661124 0.411584 0.28911 0.181574 0.962795 0.366891 0.998958 0.512402 0.288597 0.422309 

Agent[1] angle_net weights: 
0.801369 0.118659 0.0280233 0.992771 0.63675 0.488277 0.182757 0.757781 0.663464 0.423706 0.552768 0.0241204 0.908961 0.494509 0.632463 0.299647 0.994589 0.777602 0.777337 0.0158022 0.826428 0.34099 0.0705506 0.0675377 0.412913 0.821036 0.76363 0.12133 0.0164475 0.429626 0.392236 0.817817 0.548284 
velocity_net weights: 
0.969904 0.562489 0.605957 0.452663 0.757118 0.191402 0.518091 0.460253 0.189985 0.121031 0.175187 0.240949 0.794987 0.360657 0.485256 0.941741 0.608343 0.390686 0.50008 0.145139 0.47769 0.0212132 0.0488259 0.563652 0.0547484 0.24111 0.0719235 0.750485 0.696092 0.708417 0.195412 0.665996 0.270906 

Agent[2] angle_net weights: 
0.530266 0.769539 0.571258 0.947316 0.265122 0.167378 0.273327 0.255214 0.395961 0.898986 0.239896 0.402145 0.301982 0.240379 0.234758 0.0459677 0.311413 0.134908 0.202866 0.203483 0.798688 0.481095 0.112001 0.892093 0.151559 0.838335 0.533783 0.242283 0.375256 0.360506 0.241542 0.905522 0.130045 
velocity_net weights: 
0.185034 0.908536 0.993344 0.942815 0.571999 0.41705 0.495583 0.59612 0.326011 0.990092 0.228583 0.625659 0.984681 0.00618458 0.402996 0.000483578 0.832612 0.743986 0.0710342 0.90015 0.156899 0.89207 0.66378 0.278229 0.908517 0.0934054 0.670464 0.726334 0.64169 0.0907234 0.536922 0.826724 0.999259 

Agent[3] angle_net weights: 
0.85567 0.908612 0.861563 0.880822 0.79889 0.639847 0.207956 0.929546 0.652888 0.581057 0.371616 0.800837 0.157025 0.0171689 0.747473 0.214088 0.774723 0.586202 0.42271 0.370611 0.958714 0.873615 0.341755 0.691732 0.566062 0.218422 0.554796 0.0713082 0.947927 0.813027 0.556733 0.803597 0.721639 
velocity_net weights: 
0.395167 0.980178 0.126166 0.650382 0.376138 0.0251516 0.890277 0.778284 0.327134 0.130656 0.0130411 0.373101 0.44207 0.147949 0.575968 0.645553 0.946636 0.0570628 0.757554 0.838729 0.208622 0.595888 0.372512 0.450905 0.971145 0.733018 0.692447 0.876667 0.863064 0.505247 0.729505 0.258231 0.485425 

Agent[4] angle_net weights: 
0.872688 0.556053 0.522439 0.34612 0.377744 0.0343052 0.976577 0.216603 0.293644 0.821121 0.830185 0.139186 0.0883754 0.814378 0.943441 0.229244 0.140326 0.439429 0.936175 0.684697 0.490213 0.714413 0.176994 0.354023 0.0493846 0.472889 0.939473 0.802652 0.453202 0.0454519 0.614061 0.325891 0.601505 
velocity_net weights: 
0.520529 0.0581421 0.892375 0.450075 0.71103 0.473432 0.821691 0.511866 0.630457 0.838859 0.259339 0.844544 0.613582 0.845541 0.267254 0.984193 0.804255 0.140869 0.325948 0.495988 0.70693 0.54437 0.0507838 0.778239 0.492297 0.863811 0.334971 0.295895 0.58545 0.753267 0.980314 0.105979 0.811409 

Agent[5] angle_net weights: 
0.415014 0.592273 0.675767 0.884723 0.61831 0.279401 0.442808 0.458726 0.826477 0.230137 0.439467 0.812982 0.953641 0.104906 0.2897 0.391558 0.947338 0.120441 0.87886 0.262659 0.890656 0.168813 0.0311832 0.706322 0.0728268 0.125598 0.123494 0.11334 0.892023 0.519914 0.324658 0.307037 0.112187 
velocity_net weights: 
0.979249 0.170805 0.648588 0.195852 0.464449 0.469709 0.0260374 0.603635 0.558085 0.840415 0.547076 0.787329 0.980742 0.986505 0.723504 0.665438 0.476718 0.437917 0.842433 0.830741 0.487302 0.315321 0.770214 0.289953 0.768524 0.815666 0.904014 0.0944145 0.417172 0.0405133 0.766426 0.396421 0.211318 

Agent[6] angle_net weights: 
0.125763 0.60172 0.154955 0.990467 0.23041 0.0742409 0.808812 0.964006 0.283227 0.0187154 0.64494 0.612654 0.107478 0.588534 0.832737 0.365054 0.56331 0.759142 0.695456 0.663685 0.80904 0.139199 0.656082 0.378853 0.907599 0.955517 0.0608529 0.676425 0.446712 0.47335 0.725076 0.572474 0.0750705 
velocity_net weights: 
0.730497 0.279826 0.634568 0.189223 0.106304 0.864705 0.62869 0.919286 0.818345 0.733596 0.208986 0.209903 0.680934 0.329427 0.0887627 0.943593 0.220083 0.257576 0.974777 0.926405 0.330402 0.100374 0.0498986 0.443743 0.992398 0.569813 0.768401 0.299435 0.682 0.768825 0.491195 0.412497 0.0486515 

Agent[7] angle_net weights: 
0.295436 0.814166 0.0785592 0.685905 0.728593 0.928712 0.183852 0.231554 0.611602 0.0468533 0.297824 0.0536326 0.605311 0.0277799 0.304704 0.302967 0.413818 0.934628 0.908223 0.755372 0.625405 0.189903 0.543638 0.789533 0.19666 0.904379 0.0287304 0.0834482 0.828061 0.573409 0.924508 0.123496 0.387575 
velocity_net weights: 
0.305481 0.954272 0.371754 0.269487 0.237499 0.390469 0.914427 0.850153 0.497947 0.502961 0.68289 0.863001 0.0662709 0.442031 0.558457 0.729955 0.251071 0.697656 0.386038 0.629924 0.605256 0.341555 0.690777 0.281681 0.788266 0.164127 0.00675674 0.360741 0.239198 0.886788 0.923682 0.544679 0.84106 

Agent[8] angle_net weights: 
0.0447447 0.704886 0.729356 0.0848515 0.350432 0.32637 0.730269 0.0237573 0.228087 0.678654 0.1109 0.0644325 0.535261 0.953415 0.526183 0.581773 0.339569 0.777466 0.824944 0.630102 0.0574801 0.151563 0.748695 0.910903 0.402691 0.990785 0.1519 0.656886 0.0422763 0.509066 0.842861 0.087021 0.213952 
velocity_net weights: 
0.116168 0.93178 0.993253 0.347721 0.543381 0.0401068 0.645546 0.597014 0.645418 0.673325 0.901717 0.948385 0.087143 0.836345 0.856608 0.842515 0.461751 0.0465111 0.386154 0.251283 0.243171 0.290533 0.280014 0.326619 0.118593 0.853423 0.251128 0.24209 0.240998 0.254195 0.0514912 0.357165 0.185975 

Agent[9] angle_net weights: 
0.56492 0.490581 0.174252 0.145715 0.189623 0.365358 0.261772 0.84208 0.0826466 0.959602 0.834106 0.577402 0.482375 0.456233 0.129638 0.156711 0.827056 0.592776 0.233739 0.188664 0.207815 0.967652 0.592549 0.33192 0.544427 0.0834541 0.669976 0.693419 0.746232 0.572417 0.740997 0.311152 0.062998 
velocity_net weights: 
0.564384 0.898586 0.902142 0.588141 0.126673 0.580795 0.699041 0.191106 0.116057 0.652457 0.717289 0.69783 0.992026 0.494755 0.522773 0.622128 0.552236 0.674336 0.370823 0.463138 0.0770273 0.361608 0.615039 0.733914 0.403884 0.124105 0.576775 0.490905 0.338057 0.148992 0.662778 0.90244 0.0475781 

